0|14
507696  90  
137915  90  
22757  90  
120328  90  
123025  90  
131263  90  
147073  80  
175835  90  
180037  90  
192496  90  
194044  90  
205234  90  
207030  90  
208031  90
1|14
1996  90  
2255  90  
10843  90  
18260  90  
18519  90  
19106  90  
21931  90  
22757  90  
23521  90  
25311  90  
34525  90  
34947  90  
39975  90  
40476  90  
2|12
238557  90  
115200  100  
176889  100  
329058  100  
456895  100  
475878  100  
5237  100  
12332  100  
29323  100  
57791  100  
99935  100  
258003  100  